  0 itm-11:01:itm_11b::itm_11a                1        512      512
  1 icu-11:01:icu_11b::icu_11a              513      10708    10196
  2 ifl-11:01:ifl_11b::ifl_11a            10709      16000     5292
  3 itm-10:01:itm_10b::itm_10a            16001      16512      512
  4 icu-10:01:icu_10b::icu_10a            16513      26708    10196
  5 ifl-10:01:ifl_10b::ifl_10a            26709      32000     5292
  6 itm-09:01:itm_09b::itm_09a            32001      32512      512
  7 icu-09:01:icu_09b::icu_09a            32513      42708    10196
  8 ifl-09:01:ifl_09b::ifl_09a            42709      48000     5292
  9 itm-08:01:itm_08b::itm_08a            48001      48512      512
 10 icu-08:01:icu_08b::icu_08a            48513      58708    10196
 11 ifl-08:01:ifl_08b::ifl_08a            58709      64000     5292
 12 itm-07:01:itm_07b::itm_07a            64001      64512      512
 13 icu-07:01:icu_07b::icu_07a            64513      74708    10196
 14 ifl-07:01:ifl_07b::ifl_07a            74709      80000     5292
 15 itm-06:01:itm_06b::itm_06a            80001      80512      512
 16 icu-06:01:icu_06b::icu_06a            80513      90708    10196
 17 ifl-06:01:ifl_06b::ifl_06a            90709      96000     5292
 18 itm-05:01:itm_05b::itm_05a            96001      96512      512
 19 icu-05:01:icu_05b::icu_05a            96513     106708    10196
 20 ifl-05:01:ifl_05b::ifl_05a           106709     112000     5292
 21 itm-04:01:itm_04b::itm_04a           112001     112512      512
 22 icu-04:01:icu_04b::icu_04a           112513     122708    10196
 23 ifl-04:01:ifl_04b::ifl_04a           122709     128000     5292
 24 itm-03:01:itm_03b::itm_03a           128001     128512      512
 25 icu-03:01:icu_03b::icu_03a           128513     138708    10196
 26 ifl-03:01:ifl_03b::ifl_03a           138709     144000     5292
 27 itm-02:01:itm_02b::itm_02a           144001     144512      512
 28 icu-02:01:icu_02b::icu_02a           144513     154708    10196
 29 ifl-02:01:ifl_02b::ifl_02a           154709     160000     5292
 30 itm-01:01:itm_01b::itm_01a           160001     160512      512
 31 icu-01:01:icu_01b::icu_01a           160513     170708    10196
 32 ifl-01:01:ifl_01b::ifl_01a           170709     176000     5292
 33 sym:100                              176001     186176    10176
 34 sym:099                              186177     295568   109392
 35 wall_y_back:098                      295569     296080      512
 36 wall_y_front:097                     296081     296592      512
 37 return_slot:096                      296593     427296   130704
 38 interior:095                         427297    2849088  2421792
 39 interior:094                        2849089   45479760 42630672
 40 interior                           45479761   82962504 37482744
 41 inlet_jet_01                       82962505   82966228     3724
 42 inlet_jet_02                       82966229   82969952     3724
 43 inlet_jet_03                       82969953   82973676     3724
 44 inlet_jet_04                       82973677   82977400     3724
 45 inlet_jet_05                       82977401   82981124     3724
 46 inlet_jet_06                       82981125   82984848     3724
 47 inlet_jet_07                       82984849   82988572     3724
 48 inlet_jet_08                       82988573   82992296     3724
 49 inlet_jet_09                       82992297   82996020     3724
 50 inlet_jet_10                       82996021   82999744     3724
 51 inlet_jet_11                       82999745   83003468     3724
 52 inlet_jet_12                       83003469   83007192     3724
 53 ifl_01a                            83007193   83012484     5292
 54 ifl_01b                            83012485   83017776     5292
 55 icu_01a                            83017777   83027972    10196
 56 icu_01b                            83027973   83038168    10196
 57 itm_01a                            83038169   83038680      512
 58 itm_01b                            83038681   83039192      512
 59 ifl_02a                            83039193   83044484     5292
 60 ifl_02b                            83044485   83049776     5292
 61 icu_02a                            83049777   83059972    10196
 62 icu_02b                            83059973   83070168    10196
 63 itm_02a                            83070169   83070680      512
 64 itm_02b                            83070681   83071192      512
 65 ifl_03a                            83071193   83076484     5292
 66 ifl_03b                            83076485   83081776     5292
 67 icu_03a                            83081777   83091972    10196
 68 icu_03b                            83091973   83102168    10196
 69 itm_03a                            83102169   83102680      512
 70 itm_03b                            83102681   83103192      512
 71 ifl_04a                            83103193   83108484     5292
 72 ifl_04b                            83108485   83113776     5292
 73 icu_04a                            83113777   83123972    10196
 74 icu_04b                            83123973   83134168    10196
 75 itm_04a                            83134169   83134680      512
 76 itm_04b                            83134681   83135192      512
 77 ifl_05a                            83135193   83140484     5292
 78 ifl_05b                            83140485   83145776     5292
 79 icu_05a                            83145777   83155972    10196
 80 icu_05b                            83155973   83166168    10196
 81 itm_05a                            83166169   83166680      512
 82 itm_05b                            83166681   83167192      512
 83 ifl_06a                            83167193   83172484     5292
 84 ifl_06b                            83172485   83177776     5292
 85 icu_06a                            83177777   83187972    10196
 86 icu_06b                            83187973   83198168    10196
 87 itm_06a                            83198169   83198680      512
 88 itm_06b                            83198681   83199192      512
 89 ifl_07a                            83199193   83204484     5292
 90 ifl_07b                            83204485   83209776     5292
 91 icu_07a                            83209777   83219972    10196
 92 icu_07b                            83219973   83230168    10196
 93 itm_07a                            83230169   83230680      512
 94 itm_07b                            83230681   83231192      512
 95 ifl_08a                            83231193   83236484     5292
 96 ifl_08b                            83236485   83241776     5292
 97 icu_08a                            83241777   83251972    10196
 98 icu_08b                            83251973   83262168    10196
 99 itm_08a                            83262169   83262680      512
100 itm_08b                            83262681   83263192      512
101 ifl_09a                            83263193   83268484     5292
102 ifl_09b                            83268485   83273776     5292
103 icu_09a                            83273777   83283972    10196
104 icu_09b                            83283973   83294168    10196
105 itm_09a                            83294169   83294680      512
106 itm_09b                            83294681   83295192      512
107 ifl_10a                            83295193   83300484     5292
108 ifl_10b                            83300485   83305776     5292
109 icu_10a                            83305777   83315972    10196
110 icu_10b                            83315973   83326168    10196
111 itm_10a                            83326169   83326680      512
112 itm_10b                            83326681   83327192      512
113 ifl_11a                            83327193   83332484     5292
114 ifl_11b                            83332485   83337776     5292
115 icu_11a                            83337777   83347972    10196
116 icu_11b                            83347973   83358168    10196
117 itm_11a                            83358169   83358680      512
118 itm_11b                            83358681   83359192      512
119 return_slot                        83359193   83404984    45792
120 outlet_y_front                     83404985   83410276     5292
121 outlet_y_back                      83410277   83415568     5292
122 wall_heat                          83415569   83636752   221184
123 wall_orifice                       83636753   83651344    14592
124 wall_cu_fluid                      83651345   84331984   680640
125 wall_cu_fluid-shadow               84331985   85012624   680640
126 wall_tim_cu                        85012625   85233808   221184
127 wall_tim_cu-shadow                 85233809   85454992   221184
128 wall_y_front                       85454993   85465188    10196
129 wall_y_back                        85465189   85475384    10196
130 sym                                85475385   85673816   198432
